12 32 4
0.49181598693980955 0.7464725983134572 0.4475158423446516 -0.20033755233348513 -1.330399711926356 1.614349274114777 0.07743758214491069 -0.21073584070077048 -0.25842933574671134 -0.014602624472670744 -0.8265844804712321 -0.25992214038723477 0.3961388284688906 -2.1188551294177365 -0.7775256814901136 1.3962687003110315 0.3168991594442223 0.17414677822820257 0.14601259871872585 0.8284405386024245 1.090360892960237 -1.7510354129310826 -0.25391004256392896 0.23502956663463614 1.502183927642053 0.6965504970778831 0.6138531082095225 -1.0603736482532218 0.028410374633837353 -0.2576614664077259 -0.26098895498165997 2.3803422535133074
2.4776414301936556 1.1921469194006815 1.1914312530477207 -1.1216134159334035 1.6627062774463401 0.7484371036432415 -0.5105309992543656 -2.4626449984665357 -0.8419915803918168 -1.003267229162527 -0.797995097367932 -0.45207629752997097
-0.2713979240647073 0.16844022297048042 -0.8570938289015043 -0.30971691535322565 0.014396596075032658 1.7047821127405625 1.9324738671296449 0.7525004647005527 -0.06753596901867404 2.6997970714956496 -0.06033996395883337 -1.9359620852378687
-0.7096939529623794 0.8302636103493557 -0.2149882360938874 0.9680322844171267 -0.7939120937793893 -0.5349870275707211 0.7838269912372576 -0.38268653372535266 0.3950820040387565 -2.274262091809134 -2.465856446101543 2.516771629145876
0.3689378848709568 -1.7218748775680406 0.07044473520421725 -0.4894142779881063 1.5794509667157508 -0.44168960727150475 0.9770306741994997 -2.638635588811781 0.13459084551897132 0.37159304552215305 -4.216132135624218 3.4257609876543107
-0.3107910202230249 -0.4852331376220911 2.6161022387500372 -3.2094458963109904 -0.7285497221911849 1.3303594280532045 -0.2409763941388512 0.34509135233295996 -0.19193654120462794 -0.7383991207580477 -0.24241614721003665 2.347171818086932
0.6532445466570189 -1.5436659910346968 -1.469640000366743 -1.2857345344182647 0.6568135234773076 -0.830791806155461 0.8604809173779171 -0.8636652042722835 2.2348850613937197 1.60958670087202 -0.8960761189990285 -3.110670293542813
-1.1034766364557198 -0.49267159573209507 -1.8247402285228769 0.44566664611667095 1.0077462748999035 -0.3373993102773476 -0.771573026685733 2.964658844000259 0.9581728720794208 -0.04549995614134572 -1.0518440898327124 -0.7677796391362215
-1.0901899314726626 -1.7561841196536074 -0.8531263623698807 -0.7610873292411324 -3.003959214427298 0.436408267333348 -1.9571893307665995 4.062015812719254 -0.7071913274969552 1.0249257229143005 -0.39955062189782264 -0.9232670656929562
0.5203444725797249 -1.718892051438592 0.32201737001013453 4.34989639921309 -0.009880354554813314 -1.597589476557007 -1.019415108499947 -5.513147190164823 1.0848973915560811 -1.08993132703301 0.36466088794779333 1.0276345882280649
0.2780995681152847 0.39107517409172426 0.35693573562259034 -1.5307349144452478 -1.7575907258447363 -0.6115056786051809 -0.031779017938411064 1.3412041966238812 0.6074214155064869 -0.07236831665560306 -0.06386060278876954 -2.4130468904988667
-0.05296942483784394 -0.4767091219672306 -0.5460957309842225 -3.1125628897688102 -0.0271854545340188 -0.05330243005228835 0.4728562519306522 2.5020605475902618 0.8262297885359268 -0.5839669544579329 0.6243928151786938 -2.7829371290464056
1.0226254876504164 0.685281884705908 0.7792855664932931 -1.5837696504480512 0.8382300486427167 1.5723927450396262 2.4355216586220365 -1.2297083200212033 -2.6029268633860116 0.6637323283246056 -1.453402127600222 -0.23487924913845198
-1.525872501561575 1.1309149285038957 -0.28550839081636237 1.7054244124690348 -2.484815094169922 0.0011456649570151523 -0.7684314183333094 1.4181751189400125 -0.704606955151776 -4.226033126307273 1.3642012892752156 -2.020652112144357
-2.566961857713959 -0.47037190693642283 -1.8702858214101363 0.5786439159514596 -3.223722434616956 -0.5589250067362901 -1.0791193227467724 -1.855567332125032 2.218427299812782 0.7155792175031397 -1.1119292270386172 0.6953898360830051
-0.7691922702210576 -0.5281817389641668 2.1031934481851717 -0.17039112503144288 -3.734289637559032 1.7037817459724394 0.26828806200862537 -0.5280710399829845 0.8001596855946594 0.7174454332466917 1.0396164499289167 0.38402034609895097
-0.4532639447595399 -0.07058908926112856 1.5151431006518234 2.1790937116788314 1.769325613603535 0.05251295841768944 -1.8994840034213414 0.7484030791797636 2.0301685232966173 -1.058323725744888 -1.7800842017970757 0.5018688337350837
-0.9769474219951877 -0.05799565801625803 0.15689262850080873 0.385195755134275 0.3635245977067908 1.6782971982684578 1.5096240120389248 -1.9018030715215304 0.10944409442256733 -0.5475805661621963 1.0221252598641462 1.7872939376344126
0.2756226917833018 1.1208788428920264 -1.7238511561613759 1.761071457481785 -2.259410880687919 2.1692437520471453 -1.8531313873410085 -1.0522302059833746 1.8205780269930287 0.7939990204993548 -0.8911202562752716 -0.9803398269191927
0.4356062713073482 0.4310655392611753 2.7826167965237003 1.5191751977351409 1.3631168793839477 1.2162613559476734 -1.0707684773536021 0.27503425683757304 0.8936715552695205 1.596514306343612 1.7935147935960647 1.0462091429981857
-0.5895339948679442 -0.7644004200246194 1.9281927114432167 -2.434772776732759 -0.062444865128114674 0.09258489213775976 2.305275537937084 -0.9504037958083513 -0.24516488580296475 0.5657782203517101 1.0345795062583416 -1.3862327227515179
1.3129131854922704 0.04668775778066575 1.50418961502347 -3.0885922540177435 0.4518353146849118 -0.6836171929250449 1.0713036302690817 -1.1741815359519034 0.17138161775057148 0.4917733960110888 1.2360179687828905 -2.4292872697269634
-1.9797227680095337 -0.6652241345963389 -2.3142699587108226 -0.3985016411591089 -0.4247981689181842 -0.43462560586165594 -0.8392314977117536 -1.387805525065844 -1.7012771920233152 0.277915710541078 -0.9464664321749658 -0.7389738050498866
1.887559685284591 0.6765926847231793 -0.5103276060468133 -0.15699093848823148 0.27807055342234793 0.9690773035574409 1.536883856258001 -3.511836055664725 -1.4937482954871162 -1.1766146575437637 2.1456292936216284 1.8396205265033105
3.3631849166017513 -0.5946178508952565 1.3727877827508894 -0.17739646672767878 0.6580830632701818 -0.5306826888810636 -1.2453551429625809 -1.3371872662166222 0.24310676979873752 1.1879979820149598 -1.3152888403135627 1.702209858628393
-0.8801279386260634 0.2119038933953884 0.2209908894020719 -0.9789403978608162 -0.3060105238677478 -1.6498545755992786 0.5419644943698705 0.05182590829397427 0.2874870179872586 -0.6191253254136027 3.849429422728037 1.0916255630058234
1.6914521760048797 -0.8869921482970571 3.129395099605371 -0.9528985911033924 0.9285799148065488 0.8780089290624657 -1.6037164066163205 -1.3829633125991212 -0.9723991619591256 0.20300928394325948 -0.4676667210211011 -2.669881840585484
-1.723662820129451 1.2703025383886084 0.148357671903205 -0.40887589475629416 -1.7352687900668249 -0.3692483803664417 -1.1793120259736802 2.347155349248032 -0.23536942474700598 -1.44831630727348 -0.12036539556342835 -0.41737893420232897
-0.4769561884313662 -1.3513397001024434 -1.2096851816502512 -2.855172900201502 1.2769921382937448 0.11832132478998353 -0.43352504921476975 -0.19655625149921055 -0.5191695600628107 -0.8601844132172523 1.2254395644800073 0.9555768563543223
-3.259521226336395 -2.2031480430560375 -0.12069307441907452 2.866750719767081 -0.7637961496961001 0.6049605889633628 -0.066061702251798 -0.9604223408794313 0.17578268836661215 -0.314227131555654 1.650471374829511 1.0199439352603856
-0.844821715995119 0.3372487532106055 -0.9651570723333969 0.4189708250804527 1.4957833193873813 -1.4244351215985946 -1.2726245919318506 -1.251805532941631 2.8039252121389 -2.5536335075109253 -2.21578493198853 0.7460597456177717
-0.9131442561342906 -1.8680528334437674 0.7420507741325206 -0.022585211538018377 -0.09213111922925449 -0.28396434277471927 -0.18837070916352402 2.2607648541979595 -0.4884553910263007 -0.5164514546754118 1.526200103560382 -0.6863279001766864
1.229289794053929 0.1840166974859318 0.9117170284977525 1.5894445319681312 0.9969015772580463 1.4248594888005872 0.22802446273497534 2.181552094513263 3.3380618140495466 -1.7707016214606535 2.5517635712633338 1.3227187137570875
2.081021899706311 1.6826572302109448 0.6671061689938902 3.0516684943405874
-0.15925898272092193 -0.41668538832960145 -0.017896810228083704 -0.9867885273338506 -1.0043904278796394 -0.9083477094394246 -0.3472905323864024 3.2783983265391843 0.2531371862398898 0.040536308203799346 -0.6798124220980508 -0.25803746297355634 0.34704363535229726 0.39123905963158295 0.492143308152555 0.31005263774211694 0.5918535044943611 0.302564854915501 1.8908909518726287 0.1301182160335368 -0.6449225265833648 -0.10436768973029588 -0.49371459326724576 -2.3554866657129963 -0.2124561316116366 -0.9441745696452564 0.863622268421125 -0.4953511281568407 1.116383637617243 0.9499755231238052 0.41008936070618296 0.9425013216468713
0.6180001965259383 -0.2669129888809576 -0.04793489668598133 2.6106676980484114 1.4806463536184766 -0.4212813437528633 -0.4473032643468573 0.2615073569783364 -0.771085676947421 0.13872340388921672 -1.3923631705051016 0.6692916087168608 0.4081984713386385 0.20333545640623182 -0.5989186407129936 -1.125378017016789 0.22493821648352913 -0.6764138555957399 0.048117602459609714 0.20289986139050523 -0.24267016146452405 -0.12560599718963533 -0.046228887638083464 -0.38788293872766444 0.4175916303499947 0.6783553141864779 1.681393531772572 -0.6471026052576017 1.083597040961829 0.1407402841374088 0.8061226111644075 0.10566886125259022
0.5057736327957485 0.14667867687288164 -0.5412408432669065 0.03076198005414058 -0.3406845022227088 0.32037271482837826 0.31662584307076524 0.19631431092553261 1.1830152789749633 -1.694380682391396 0.1057418160737249 -0.3094807301513349 -2.153291930014457 -0.7270886657204505 -0.6262134551206817 0.41440204114306073 -0.23713604867659077 1.2768427455958808 0.4921831029112717 -1.3907057404944603 -0.6450115497420967 1.7579293153342799 1.0478053295163992 3.5235500730885216 -0.008263433791622539 -2.084788164323628 0.46917344026301544 -0.8230080456470794 0.013615569539648667 -0.9747056279817751 -0.18079904677376507 0.3793030167067483
1.2107679657319113 1.1474763069956426 -1.5186481701706516 -0.17191885813370594 -0.6589361772720426 0.38712671389486775 -0.8066361076246824 0.3588557631595154 -1.0548235669983406 -0.2752854215706015 2.7053660736409446 -0.7036970052977228 -1.360767018528784 0.9761924332770471 1.231601187342807 0.589123026352065 -0.42630289245893155 0.5302123286297131 -0.932353718008283 0.8950384007545509 2.346462548391502 -1.177484807828477 0.3611836103719689 -0.5597682915258827 0.8088209658693007 -0.5682377263371915 0.8065135337550144 0.13594634151794122 0.6562709481536378 0.6371055776279503 -1.9855707825888809 -0.7097381937664929
