12 32 4
0.8425176965466895 0.7228930495428416 0.6045117848845701 0.1387867395646168 -0.980178916708608 1.4788986675078135 0.27017429983443164 -0.8629215798601835 -0.3398345633301807 -0.7925971198023247 -0.7422343455340936 -0.052917425146608243 0.4248501376724407 -2.0905036521267655 -0.6574949471964707 1.1926387496633455 -0.33119563647612615 0.20082472838481552 -0.36110893974576036 0.9731651815906712 0.8502572473605714 -1.0852056153081944 0.46456499004219165 -0.07560226845692437 1.5309831296777356 0.7542920849536712 -0.11157535391404652 -1.1598750588212992 -0.28127242416600917 -0.29560832570021733 -0.46267660899471974 1.1565261003296836
3.042256895983745 1.5257960654493063 1.2362911386467699 -2.11745860562839 0.6219352966147714 0.1676115634863906 1.8078955203137597 -1.7291833440444344 -0.9581289629853402 -0.17065100293328062 -0.9460199224015358 -0.39009643716535575
-0.4663018699511205 -0.5347306008052702 -1.043576672205601 0.5880625722542488 -1.3425926810132762 1.5474397585721924 0.9993505722793687 0.6766154174603912 0.11241137818829865 2.632628510483182 -0.28506147733544523 -1.8846333407011504
-0.890827734328069 2.6523034158729826 -0.3457201851406295 -0.2997198909442581 -0.9619034962390214 -0.16238008478426044 1.1970506774464496 -1.024700969515324 3.480444172815446 -2.0370286273804625 -3.463564686651095 1.6675993163720466
0.7404010343595595 -3.2175922607535394 -0.1887587010805727 -0.44874328234150745 2.2167109633838424 -0.79758125412393 -0.24525482747427108 -4.009757569478924 1.0653632962758535 1.2125501631281124 -4.1281937944128835 3.4577055888174524
-0.08321903955433081 -0.5683632010798516 3.4193287618732944 -3.1271052551381446 -1.1307482399767026 1.4237887830247948 -0.14741193155044552 0.818729147610572 -1.1568690672931246 1.146787721432255 -0.5230305372667777 1.5158805432642755
0.4733244047696922 -1.2823269511128133 -0.8838018817494886 -1.805021906889292 -0.24028867674876608 -0.3511769278965336 3.019816197204512 -1.1528137382463064 3.104954301573045 0.6258332324713527 0.1430192603948925 -2.0626273595027356
-1.5969211589848857 -0.2941021097119173 -3.55927630682306 0.228397324447976 -1.2233591447515453 -1.4702783558670844 -0.8921371427884224 0.9970997277891026 1.6950106774058862 0.35317300130730767 -1.8600141856360572 -0.06688169684406779
-1.3780884967134035 -1.1495663436266153 -1.493270325419609 0.26321019681144336 -2.4865683154292912 -1.1567096382155801 -1.9796438298599266 3.216764415581223 -1.664576477223964 1.0209221545478595 -1.6677837207898891 0.18416988645455387
0.3937453866337064 -0.9986136171129958 -1.410082150067041 2.858431457218038 -0.8728363645740602 -0.1869228304243051 -0.9094853809254699 -3.458764619989834 -0.15578434009846942 -0.9652639965002638 1.3685759291511204 0.04748348139850955
-0.6264058104173075 1.4037083905896868 1.4858812795601128 -0.799631817067311 -0.9938478251507163 -0.20636646586922308 0.8777610406168941 1.1620427967410307 2.1811495488784822 0.2420490444166587 -0.050746434002754665 -0.6543080078816945
-0.30287778299926005 0.2082338843035204 -1.7941135914044035 -2.7683390099353473 -0.5407031004274928 -0.15479903648426882 0.5860835083473084 1.2813467467502804 0.8752773508516078 0.9416139463313165 0.025250347684538543 -1.944515084440689
1.4449271275714723 0.3110483715949153 0.9727435900129258 0.4546273695579723 1.673433468751118 0.880845380814984 0.7486161935321334 -2.919417994718104 -0.6647828836779834 0.13812633796300094 -0.6822728297890652 -0.34152443291130696
-1.3104311464673115 0.4286570916112728 -0.656595086362261 1.2381374329401231 -3.219031983194727 1.1673450873300697 -0.9990719812573226 0.2926513957477504 -0.7377950728780962 -3.4902834785009587 -0.21151919821003393 -1.9227422651467698
-2.5072885765800104 -0.19545343339935856 -1.3382619037674266 0.4584820023364431 -4.086448984884575 -0.6633574998751235 -1.5817202117355422 -2.52934090722743 0.2573582985153755 0.05742365528911564 -1.4848590715759868 0.5562206481700012
0.3386044196026724 -0.7208235468975459 1.8477668807843342 -0.3966225663257391 -4.0965029967339825 2.8828289558640847 0.015306391651893556 -0.4873525972098821 -1.0110150789500834 1.8541870624503909 1.121332508152741 -1.2874845215813417
0.10133770200784484 -1.1275887040745143 0.41582888619406233 2.346466927542678 1.4618885022313768 1.059810435119328 -1.9273124746303671 0.6634591809829287 2.009515812844142 -0.39317680511823194 -2.2651108911841327 0.2615494994914995
-0.027541326298450422 0.6787222468080295 0.886580780909271 0.33204534881870873 -0.7401927303015564 1.8730689150133708 0.8069373614186994 -1.65170110442361 0.34797614687067824 -1.9624692431568298 3.138367125793116 -0.21372906064610153
-0.4357244256986689 0.8030894792607339 -3.066764040614893 1.5986083717467834 -1.0394734635846632 1.2032642895829757 -2.4884621206494 -2.050313322229286 1.4863750499524544 -0.30210529201993236 -0.24640387552525933 -0.9226541992160612
1.3309942150952798 1.4477377995415524 1.7125481872709583 -0.2415229688796361 1.6636071268013533 0.9531252227618595 -2.5196745808296495 0.4479308921966052 1.539888905951738 -0.9888056029452783 0.9822924807713382 0.3837416247243044
-0.7374778700556168 0.5333094905823633 2.0557325861208686 -1.6895075417845384 0.7390022615863283 -0.34181144411443865 1.7372593798635845 -1.8401484767060774 0.10022701840537693 1.0755048202475759 -0.40288240879269177 -1.382795249330508
1.5290442488178222 0.6687258204862568 1.124426942629078 -2.560859575868076 0.7504706292047278 0.14131054996958517 0.4976699990155651 -1.630250558870896 -2.025435863479262 0.6250046685788126 0.9381590627488676 -2.1487623979707124
-3.513840112558788 -0.36421534397872535 -3.121834423943945 1.3817315461680324 -2.073401425232704 -1.8662062705827338 -0.9498749820096745 -0.5436843034374328 -1.5686857720621505 0.04092149857977356 -0.2816167551694669 -2.24099613681813
2.4036468613175725 -1.8805113321630775 -2.4671477014915455 0.19387943389921575 0.14439358092618332 0.3558891399872377 2.0071427829723945 -2.9120823931013198 -2.747567651821522 -0.8568002515360416 -0.0036657188363063975 1.4336636698233898
4.135300033879015 -0.36771568040201585 -0.743061426934869 0.20956202664026677 0.10755513106503034 0.5680191035818627 -1.0997853311288472 -0.5086216108775677 -0.3225911004648218 1.0151413940180891 -1.2711128742359152 -0.08731819990495826
-0.08504241213100994 0.04771466803645186 0.6185888255530458 -2.3258099700695105 0.25891903020457063 -2.268510278528402 1.514213697057428 1.43868275112755 -1.0353781324480713 0.10605211962616347 3.233654232508895 0.6009496688694784
1.9915724811330726 -1.6613326903660584 3.848074592522486 0.41018061606510137 -0.7087547297144671 0.5312576890082449 -2.0003976022541567 -1.40670693018759 -0.980695777693432 0.2981488888680368 -0.15258385978653466 -2.7450076709208444
-2.0591159140549466 0.3471229087728503 0.24488341556658655 -1.508672212074478 -1.5174657934626916 -0.41827757158106116 -0.4720239559207879 0.4093643552572048 -0.3325071332398002 -1.2953301171011775 -2.1498637834358556 0.518713410206251
-0.5202623874592313 -1.5443672571029123 -0.4597564662096967 -2.686812597146826 0.7741250798085104 0.5748943019576598 -0.9057403758291971 0.4340809766059907 -0.03160078429114286 -0.7871764460340375 0.6401245392926407 1.0171785605070363
-3.73677127320826 -0.9320500926922122 1.0800218289885164 3.359452619747236 -1.013909353343882 -0.734277332188797 -0.2701021897774914 -1.1609450307918374 0.6693651336643407 -0.14946531422808373 1.3403166786874556 2.193269960414237
-1.2161976423052292 0.6126024519190547 -1.093644994231052 -0.237490244166792 1.2365360921414508 -2.0322895281092754 -2.1843327400978674 0.8439222935778297 2.2405832029686508 -3.8634959685318844 -2.5300330638507766 1.3000949255620706
0.15236005510434403 -1.9800970559527187 0.1003827063580591 0.11539452712351629 -0.28056303085090234 -0.5068273991410728 -0.25268289479954664 2.425476173578864 -0.8660393187220782 -2.880433314819741 0.5713457613872899 -1.2078321481710999
0.6976365608989336 0.49108394308679293 0.9376843434592014 1.5673594339128856 1.4618638944366489 0.6931522431149238 0.21443426421720407 1.0412105931423064 2.563142723277747 -1.1880058794754718 0.9150889666321338 2.134072994353435
4.879234431794362 0.7535799139821875 0.4976257712419987 1.055923479777972
-0.16181005646974728 -0.38750927809626345 -0.2636167123621267 -2.074733914188371 -1.015679696634216 -1.2600809477372439 -0.2868717538225467 0.6981901444019154 0.2518486415479229 0.12583126454937202 -1.0099541810840245 -0.1482369310951943 0.1466342699467654 0.12796957805827106 0.8029663105926677 -1.0458595028305975 0.4021273376217541 0.46625710293814243 0.2678444391388368 -0.30141630332447156 -0.10304778829013372 -0.21901474631066636 -2.428022695012956 -2.377355729141312 -0.12856120354747252 -1.17959133878786 0.7978275750809559 -0.5062390397668977 0.9640532427014944 0.9268810791688967 0.6951977677313017 0.9963664967742796
-0.030582947668888055 -0.33225622300513175 0.05152825378571679 1.9082445534164147 1.6271865280164355 -0.5707104602191527 -0.3851129253964073 0.2881222921292111 -0.6635311151787561 -0.19299342685182397 -0.33205820618845094 0.8873788108284044 0.3623761381735545 0.6367488612735462 -0.5345706054273823 -1.535441658033907 0.8129077473989179 -0.6586264252737528 0.013211199479957133 0.21215144154603305 -0.15258420866656522 0.32604976048039186 -0.074297374687527 -0.25650996126015657 -0.11947862785785666 0.5829420635761242 0.7612762438955195 -0.6748036323430842 0.7657636179641143 0.08020987285565555 1.0312198525915492 0.6388452705866545
0.7824454808561692 0.3389078729572089 -0.7387983205335442 0.16976482531843975 -0.6402482399575385 0.29651418155237974 1.0536399354600121 -0.7002233469373292 0.7688917223294205 -2.1556051888156613 0.057457334326429646 -0.09439211005612473 -1.8467839208520118 -0.9745944903815238 -0.8604910201070848 0.4815473595091913 -0.265170298374643 -0.5369574500862219 0.7743049484216358 -1.1082415354277761 -1.1187696723155998 1.592579216090488 1.0694905516665052 3.5467147025891412 0.010817180554159634 -1.619915477628136 0.7327339932749005 -0.9787028008744214 0.011637432661883048 0.7648122498470882 -0.187440245750703 0.4016237709628356
1.3255940988116277 0.6764448043066223 -1.220005975426808 0.3194507139013467 -0.6723793913688912 0.9512998276142526 -0.3169430341366273 -0.012116475795909923 -1.0191691059506893 -0.3120372551019015 3.0701262087535075 0.08841909305449229 -0.43473637240283136 1.6166695816780463 1.451411517128311 0.2518299928681367 -0.1913667761165845 0.5562760367889642 -0.8627096234346778 1.1335951971478693 2.9932314229181007 -1.1171403409843161 -1.1175660046063465 -0.6231391825280328 1.359771058545765 -0.2699324613920755 1.0426000416885006 -0.0003553408931486826 -0.7296746316605891 0.8179568001941726 -0.7780013644082254 -0.8252176785730522
