12 32 4
0.8996477958057258 0.6820048914490212 1.3014565395102553 0.5399113298453881 -0.9861567884443864 1.4588119562523394 0.8357705928847472 -0.21805285298211732 -0.42594042284530764 -0.8000426220516181 -0.7515605606556734 -0.34149030706646977 0.45405674001506635 -2.521385606244036 -0.8188140706773057 1.123530279698374 -0.2789034819021449 -0.12317354361646529 -0.18768804595207295 0.7966098024240317 0.5498334791024825 -1.1154192202116386 0.31629566445366275 0.5636730994248278 1.5814483518428033 0.8435697176090146 0.08196920141156297 0.10866977712844622 -0.3154761762209213 -0.2702763904404769 -0.646770241774441 0.7620483422629369
2.4422037709995186 0.4159059788057472 1.2446492986638558 -2.1002349051391254 0.8840873399805661 0.3623961436621942 0.44877561446808256 -1.8763131841903555 -1.1460239539140282 -1.4163291845833312 -0.33787267444941105 -0.5697367361292888
-0.46106615929087513 0.18848033192926386 -0.633229483961816 -0.3987894467229273 -1.193215081915597 0.5554667258853605 1.2882963416655568 0.9075807903667936 0.13822510362219226 2.674886938265711 -0.6121287622256342 -2.651642027399814
0.1669184646114662 1.5817705177839427 0.4530726605934573 0.9991016878176228 -2.4983180094101023 -0.3860425345621805 1.4015215913579127 -1.2750648249823875 2.621871409674315 -1.9600491972107066 -2.6899904285012384 1.5328611273122923
-1.09661705826954 -2.680500251866631 0.5111704537343286 -0.5264579661686091 1.8592874151245027 -1.08856378460134 -0.011019941626616403 -3.6517418299404727 1.4100852560949713 -0.059614667444334635 -4.192434381191276 3.4438091315637225
-0.343862530799226 -1.8229746766276371 3.1802054408206155 -2.823218308278274 -1.2366287453758158 1.4661637668917509 1.4636818808236112 0.9698553233623206 -1.3760659658265662 0.08030112687763524 -0.12519711533125585 2.2771121948255626
-0.6923231618584007 0.27202598834905245 -1.1631100002152879 -2.6047140846279326 0.7221431690629927 0.43098981669785413 0.9409686459271263 -0.42699831087818163 4.073103524709656 1.6298062075254962 -1.1042971168774525 -1.5113468575901572
-1.5446240346213809 -0.7607812611776839 -1.7695359883834971 0.37842901651405614 1.0484520086524243 -1.0173384818543376 -0.4890371367579678 1.7838610526205863 1.980383946376525 0.9362397557349084 -1.7567957658330458 1.6589421923801104
-1.718514865870386 -1.6516412024112634 -1.5764160916767636 -1.4750208248552137 -2.5944285656858543 0.13387208990100302 -1.963761705523186 3.046845907876841 -0.6642555294486348 1.3344575016688776 0.4196857958008374 0.11095485503755062
0.4549133474346024 -2.682014677006569 -0.6304609588003043 1.738800931894551 -1.230547707126386 -0.874059437452916 -1.1508317610169199 -4.929222866942152 -1.7394854307820673 -0.914493371069636 1.5129124354187362 1.476495184292371
-0.6840984829671307 1.488895825136249 0.8218059449149576 -1.3074127984233446 -1.4987722238936978 -0.4580418473942386 1.4047871923502948 1.621048230781281 0.49444155127325856 1.0094033713655786 -0.3345613331623522 -0.5852563906816842
0.06449814888386549 1.0494148137546093 -1.8139640380297304 -3.3970870391921077 -0.6356102162310293 -0.0021152498083728544 2.541345081409899 1.1781890232422647 0.2865850396532482 0.4519458393777405 0.3743167438965107 -2.2175764513312153
0.7455473661716117 0.24718601281315938 1.361359245002224 0.6659360729765234 1.7813741712350828 1.331254636670392 0.1447678423481234 -2.0256055127565986 -1.829505318197385 -0.9539317149798215 -0.8864127840188167 1.2170635630450222
-2.8311574547731424 0.443089875396744 -0.5561035780922098 0.852939770681959 -2.619263122541464 2.2900656781135655 -0.9924380346442454 0.5839803908881976 -0.661314561708665 -4.0391953090869785 -1.1974248682325164 -1.363155608452469
-2.2592148250005626 -0.6056538174670435 -2.239589144235616 1.1584939843105693 -5.383274632277427 -0.7962018940378088 -1.6476802270206212 -2.6779455333869144 1.4609894324331787 0.6412334386431049 0.0032970952698370692 0.07898363968126482
-1.2908701513591345 0.24868629795787167 1.4790081247309566 0.037999941806868054 -3.7767689160781135 2.876946872917817 -0.33386840362993453 -0.48117321035483274 0.6383006730123597 1.3102782537399555 1.4839902671732177 0.4945587699366385
0.018043634987132094 0.2033058442999422 1.3178058501242873 1.5698187764827902 0.7731774385922551 1.1315079876407856 -1.308231300176851 0.19373616550740252 1.152828912438474 -0.828774773807484 -3.5586912594640747 1.3083019622024896
-0.05976856971404023 0.9142123399577591 0.6686430019565355 0.3332009289682573 -0.19092437815417063 2.094208856669077 0.8764597598197077 -1.848294842615374 0.6584630366290838 -1.0583369912092222 2.1329860461345946 1.4626115810416471
-0.7934527414288618 0.8126231343206214 -1.6812289570720744 1.9332627146158181 -1.4375000234717668 2.4945227106212995 -1.0136906121566926 -2.0542173153402494 0.3676783585505269 1.2627122721212505 -1.842004593816807 -1.621278201629804
0.6826572287364959 1.2490767836670953 1.9837997015449775 1.067975670002015 1.2189846179253303 0.5840335696947669 -1.436180709492196 0.20532299298929682 1.136624000734112 0.046643996467519606 4.540277250538011 0.3641275694022864
-0.28528106576084206 -0.0329645081626902 1.609414345441715 -2.4930665582369786 -0.14104363759052033 -0.40995921186017514 1.8817709229421853 -1.6793939554873458 0.6619234037559703 0.3661682997316609 0.2522891203155127 -0.474960068756697
1.1357783133246917 0.6349379601435563 1.555674416171021 -2.558747383189406 -0.30358402504970083 -0.6860094861060342 0.8163019323376379 -1.3972538187816297 0.3655389695789115 1.095112005225962 0.7969047031263834 -2.459725220847373
-2.268021173108308 -0.2860815130944876 -2.543629696408693 -0.959996096649085 -2.041721419036456 -1.4020505767729223 -1.0030304866308701 -0.918641108498367 -2.6656215425893945 0.19150322468563494 -0.6634315346755983 -2.281200704715861
1.136276957345584 0.535972340551619 -1.203497199212603 0.6395493966750263 -0.5899149221700132 0.25688580729334987 1.2300161410039023 -3.3374326804562466 -1.778703435279894 -0.9123566916155099 0.4803429197433077 1.494833354549943
3.2396098357518643 -0.8109202055019049 -0.7183721547195723 -0.3047087471032931 0.8820007624872894 -0.3797067989113421 -0.656935297544415 -1.4620979020375247 -0.778876385288087 -1.3207894215103608 -1.130036226503832 1.0266810754824245
0.11940580948783458 -0.39887301245053036 0.2321297636722799 -1.020118015786525 -0.6921931014788801 -2.2829133018678194 1.493427952053698 0.48800658748150305 0.028383702198035266 -0.6583407182232296 3.315621574616002 0.48040620332731365
1.748606102430768 -2.556009144219764 2.3736542188521224 0.4324479594175417 -0.5648145146299044 1.3341494619034848 -1.477283069031217 -1.7542262576862777 -0.38855835277141654 -0.3668180528915469 0.19781054357043995 -4.48911206371163
-1.8140632204731268 1.9202598010158811 0.6220398287773027 -1.690982018758143 -1.8623951932935658 -0.07772084722600064 -0.30112168173204135 0.3030942386385807 -0.3235536007635679 -2.086014708498709 -0.8275293358623996 -0.8165818504588914
-0.5810817021161894 -1.621318086030434 -2.310578743482414 -2.7151442374887775 2.604505887405677 1.4698464256907386 -2.544367575979981 0.041161081714239045 0.24897223410660854 -0.5787988907750583 0.019421747301999304 1.02519720610349
-4.030089033976995 -2.2336169461774737 -0.22464113639997774 3.934640549788508 -1.4703312140498122 0.4995438375377237 0.6154569890088288 -0.187675865733597 0.5717675103390448 -0.5546225933002845 2.296726518638907 3.0139855386874155
-1.2585520121640827 0.7995852357242852 -0.8785304981176296 0.43129007734054 1.3335554286560298 -1.5389263068455687 -1.7509312157218346 -1.3819233856940167 2.2508432820928745 -3.3015292012135053 -1.3484633336917216 1.3410902547169266
-1.0077104783115909 -1.2935213519251527 0.29954394966813147 -0.15699582455994054 0.3921909847017707 0.43588395859610163 -0.30307189205996143 2.0547468002540286 -0.34437150997044685 -0.9576817004472299 2.443763929600705 -1.0762019440303199
0.8641967293721982 1.437381221975901 0.5338587275421345 1.9049387937258164 0.9275902340985708 1.2564080379728917 0.09671861151837177 2.0578824156070685 1.9087725055803793 -0.7845111210631015 1.917473627958817 0.8846776259831644
4.183826800732605 1.7324435980568853 0.723340047514431 0.010693459741339839
0.11405757885616227 -0.3598327138475522 -0.3534108501362285 -2.1789979194616107 -0.9884943948631012 -1.135366487696214 -0.3059946433679236 0.776048054990444 -0.24353141468546433 0.20429813896146193 -0.744348322923865 -0.2057064777773009 0.3253969497643715 0.23669434090652083 0.8518368496649755 0.45872233412778096 0.546299441425729 0.10635309565840913 0.1733068903303256 -0.3058025818906928 -0.8717798898850817 -0.17228766000512818 -1.0956917842853233 -2.110050854567726 -0.41546663970420783 -1.1228878829071358 0.5292782269823586 0.39734490026654834 0.9292417742981771 0.9748712335062177 0.5639146486917044 0.6948102516215346
0.44347157810585425 -0.28856130727930673 0.09802053708857739 1.927843038457119 1.6169006594709052 -0.46806416603630696 -0.4149849182908336 0.40558131555716914 -0.9311795624858445 0.1147967184067066 -1.820997019133053 0.6464818812595766 0.4842244838123895 0.548724093362677 -0.5634773377706196 -1.3383350381869525 0.353905710302171 -0.6568083589730089 -0.14173909886083283 0.04367613265981839 -0.1852468553248135 0.3969526554059039 -0.04109460971743522 -0.30295505147499646 -0.17120383548112764 0.8421849642762249 0.8553100622633345 -0.5183403855250462 0.8101589522184016 0.09228740426490878 1.3233946963550562 0.09528712322219057
0.6846645056255103 0.27076975173966655 -0.6968647183637633 -0.09466193436023738 -0.1188771687101706 0.5870309690468914 0.891930127198542 0.15276491559716293 0.574895678039185 -1.8199641257369286 0.1985237943353395 -0.07485911243289897 -1.7963510348769627 -0.8905113716291609 -0.72566661375736 -0.5321960531502556 -0.2696298893244974 1.1822925283316987 0.7546750367350834 -1.611350202223834 -0.6262681154101428 1.9832641471822137 1.1882346390982326 3.532226558831582 0.0028195258928383786 -2.0425975916943138 0.5956929631169711 -1.0410451518076635 0.022000027733831102 0.2970302917015071 -0.2135565184724624 0.4062539567141038
1.2814404195426476 2.9630569848878907 -1.2791233464924348 0.3377340240123388 -0.5916724016542285 0.7758712916669213 -0.4751287755050082 0.235930800369006 -0.9249073615628685 -0.3041203760230364 2.8630881061530262 0.34855303321869013 -1.9131434223557995 1.2807778246034114 1.483056249443964 0.6311222789184135 -0.269776291236974 0.5729216629544062 -0.876865106442273 1.1076024992414886 2.1264744637352977 -1.0199978723768706 0.3731871922019796 0.11863551588870247 0.7971777260859279 -0.29645823048130465 1.1109068016107644 -0.13357951493321357 0.3052262777743011 0.6442417252769453 -0.8857755027991827 -0.7135918929315572
