8 24 4
-1.1822261081194745 0.5527297080543436 -0.6739706692366245 -1.2896035388592355 0.03471057751887982 -1.319194137739839 -0.2589489021898472 -0.17640152277321397 -0.026433488539925453 -0.34083150136134266 1.5434588363487454 0.06757308501408274 -1.5221441288214739 0.5551527214776361 0.2387951669137463 -0.4111263926100695 -0.2259531355644153 0.034334846200764116 -0.6965941258640128 0.9883574562908075 -0.1692140227294901 -0.2704342091346756 -0.28289103380745895 0.21587794878057956
-0.5086565937262598 -0.6124315602882479 1.4847445832366315 3.8279514447412906 -3.6598136815227242 -1.1311081191353969 -1.1345968056578672 -3.3860071492740875
-0.3426423094420032 1.2638496557226693 0.6355199709441032 -4.4719022918465905 3.3315546386579316 0.8228297914205236 1.685903882859498 -0.4548227114980049
-1.8893894520005963 -0.2261861779257418 -1.269376708033146 1.8092411419075223 0.8671578155873086 1.6845363053601594 -0.5451295100992171 0.7663200023539833
0.059618854237966507 3.1916503868703616 -0.872184973504911 4.074728027101722 0.08316449786380657 -0.2121936042094823 -2.997587115263531 -1.921390656168781
1.4746566514594872 1.7585750634655097 3.4286953876610724 0.8555758101883779 -2.323894310323227 1.6208984215940871 -2.6449532054850726 -1.0792698109523107
-3.6343181032669456 2.2540848301165815 4.5365102963595945 1.6524105462241225 -0.9388236158357521 0.9903746569666616 0.43664680963478464 3.056352551932494
1.5914470212210101 1.642475406148233 -4.138388016212583 -0.08581600602993542 2.4598881368606826 -1.5591390002340164 -3.1320100660111767 -0.08220729363828948
-0.14299992782957985 -1.0625381355039893 0.8898099777890427 0.5591956900657808 1.940750813366014 -0.34177270746683247 0.5051654632237257 -1.835852945210642
0.47583435983320055 -0.49686794335298984 0.9545634348016432 1.564000572131006 -0.07919649482752311 1.330690237453703 2.124488011555003 -0.07945564161450025
7.26237781163686 -1.5664406891905194 -1.134378097881126 -0.05281140294011105 -1.8502872307540008 0.6604504322128164 0.8984411922067812 0.26978973359869496
1.5164901487145934 2.7842828697876345 -0.7318808163736787 -1.2712038159055352 0.9323855723813611 -5.952520132654412 -0.9191715608489908 -1.4836955209547216
0.24758078646410836 2.131175728423267 -4.141605088285204 1.0386249041348943 -1.3098338346846572 -3.296268079653536 0.8118705741995901 -0.3034979706813222
-1.0682689304209954 -0.6402010372402342 0.1079404495297003 2.43108692780517 -2.4292676613069335 -3.225328255392967 -2.1254472699977964 0.3613139250327905
3.915339379972068 -1.5439991954733765 0.6194762583675997 -2.793839443774662 1.3340869820403523 5.246802139565094 -2.4460468928717614 0.6267314847528922
-1.6874256350665904 0.01999593658748758 -3.2868678581044573 2.2638098445704276 1.5988338362365606 0.8823271616404664 -0.7928748393711599 1.7791997328607851
-0.32009070384973465 -0.19127335091247688 -1.1772685929193107 0.4795313211474672 3.7079979789471817 -3.119726228150093 -2.0670786338928977 -0.08742959325561742
0.424436195045399 0.30697693467092885 0.0069547554953660745 -2.0919383711580686 -4.126946246497062 -2.487372720635925 -2.013400086709607 -4.69370258409449
-0.373125960558108 -0.0793084697639469 5.369984451629432 -2.858922267751563 2.1187286640481924 1.6805726798108733 -0.5371766141312073 1.6532855971847586
0.3916247028396235 0.3026447761567164 -1.98522359318259 -1.352980990204424 0.5747031874518053 2.934218968225024 0.24419968594819788 -1.773789183607995
3.6439383837215056 -0.43222648466574987 5.123673869248127 -5.636974931926508 -1.444174103657054 -0.7482691384952979 -0.6854255322525501 -0.09868533815349176
1.0526277410220313 -1.6459226481379612 -3.8109801079358983 4.553822352445641 -0.00725809941712189 0.41996058169453854 0.43502965867545085 -0.5240628656800727
2.086913734134197 -1.040595666307555 -1.1118595279325207 -1.8131766838751522 -0.7743238119378762 -0.3529072203702704 -1.222835778856357 1.8466984458662323
-3.0947787943200105 -2.3855315857139434 -2.0215061091243776 -3.115908040399112 -0.2800034810753239 2.9837683368671413 -2.137869199632236 -0.268791639968466
-0.8029674900588312 -1.3702376558276357 0.7696552586869598 -2.186565679299232 -1.016602293636339 0.6962911612662142 1.096290672056276 -0.2499236113508395
2.6010978855976274 0.13169138207828238 1.0038383439981136 0.7619677900797314
0.5987606994051636 -0.19283600404403534 1.065175178934382 -0.1547357731428638 0.1728257070563503 0.12558652646674648 -0.8946124962125109 1.5522321115836455 0.32240938000496394 -3.341555374945426 -2.276456758917588 -0.3519939375246294 0.39979445762702515 0.3742734924955988 0.23376464172502542 0.348333452296361 -0.5129408938344906 0.1364381511025015 -1.9790335357424635 0.5587928221830668 -1.8929359048632057 -0.05820432078039359 -0.5000836198633081 -0.9656910221742219
2.230525020902896 -1.1898117989612094 -1.3419586717838472 -1.9628928098187335 -0.10625801386203697 0.692195228977694 -0.5220533781746093 0.9715319325847116 -0.4003690398367772 1.119736646810909 -1.0664264300375608 0.15746711918048018 -0.15648652686651707 -0.019315784747209908 -1.0357636251959192 -0.6147538943769661 -3.3407691964371606 -0.27049563992349446 0.12010314193671376 2.0593834263844357 2.4363160935820702 -0.39253103936835404 -2.57351250467374 -1.4382040574163817
-2.481236781889027 -1.0053944911888761 0.8142223918118074 0.2617616149759297 -0.9285499368946287 0.47649893959943235 2.1567970964313723 -0.8395449773024697 -0.8290964263448011 -0.29183394241742583 0.6305575433446364 0.5034445634136075 0.611495834012645 0.28644472095542944 2.0851445502629526 1.1784792845903207 0.2560998889174328 -1.5624411197584709 1.1516525934350486 -0.5371783514398003 1.7669237474022674 -1.0204214226259118 0.9291103261642587 -1.4429745844418074
-0.17231491827020542 -0.6448037970135279 -1.1433240964577176 0.5428480613233275 -0.6589070404304026 -0.1533594803869063 -0.24305564624813797 -0.627975447336341 0.5784218796963804 0.4953692769367941 0.9254822541067993 -0.2063519894190219 0.49568117668724687 -0.07632312522650032 -0.5207789453691929 -2.263927837944948 -2.5055832790850388 0.5929081880132772 -0.3071758332168264 2.821616818546545 -2.293821622756921 0.3752348027800373 0.011480532253197007 0.5517328383631193
