8 24 4
0.3927384842395245 0.02738172020710992 -0.03738191778889732 -0.03132819163031225 -0.059996167426959485 1.3735531831676155 0.4516780128495563 0.042793928275670745 -0.05062697006368539 -0.07509564460113247 0.10613993246831387 0.07867649864714081 -1.1992496647919433 0.8534651547396395 0.027560777859640728 -0.27564672158224535 -0.07797301186037753 -0.603680637439203 -0.1573145801550968 0.3325162548852024 0.8383611538621328 0.11983040001992423 0.18662607565971842 -0.449464594557857
1.3796107219992788 -0.7728743517973188 1.6867868015905951 0.7729980705255116 -0.5903422513179197 -1.0992561503690244 -0.09194364902460571 1.426846810913473
0.3697596083200963 0.12004323505148316 2.783265450211215 1.1522914197678245 0.7879384002139403 0.18672135646141613 1.6461106869184785 -1.6980748515151698
-1.1852585067425538 0.7335858950400016 0.20575797123432726 1.6141171649407342 -0.1483751201093888 -0.44865563043789736 -0.4769692747785121 0.39263801440493995
-0.6631592444176396 0.31841699998008777 0.5232784392732721 0.5780662966956823 1.2104733570949926 -0.21677267286515473 -1.3029141835186464 -0.08976595410677979
1.1774330673675342 1.4233801507018131 0.8844182168936762 0.7095166818935675 -4.388174562087022 1.4997252245588257 -1.206537281050242 -0.12176219498938957
0.04663298554145831 1.781760216123669 2.358520335061766 -1.062708851246713 -1.3697686969517833 3.173310260159075 -0.8351577146261812 1.318468379704448
0.9805891908143723 0.2590480186136447 -0.6955141300411889 -0.15598428053854718 -1.144528761573 -0.8255539878861334 -1.2089124936086901 0.2607197739179454
0.6666684448937331 0.9260880973577972 1.081145332716605 -0.48368575130050506 0.014473163247524623 -0.044452707023653615 0.9486756976344032 -0.3175152929612591
0.329558578710236 -0.17649473385840808 0.4534762091720885 0.9420527282454151 0.3616458021195726 1.5137291243436435 -0.5395752950572864 0.5435327940465434
1.0200793466127875 0.40118383160078275 0.9870187318091181 -0.4968364478838374 0.19723946232358203 0.5420406691177915 -1.7959064804282536 0.1356900533682674
0.1262339526603317 0.28762972100521644 -0.07080608388061063 0.09520020378911226 1.434312457945761 -2.7613304345520273 0.059665004714707884 0.10017008808329309
0.3015311696166854 -0.6073047434870614 0.8292296730076941 -0.8558065583439343 -3.8784762173509417 -0.7560601106397109 0.849449342360722 -1.0941345166059846
0.4355179696438581 -0.5307650292096227 -2.6593220390294183 0.32919314345109213 0.007879612518023826 -0.10131414867520952 -1.9971848541983692 -0.9881876350278478
0.46216968683791104 0.17285703594990318 -0.787076564790894 0.8842992375839595 2.534618284830759 0.9985725619724724 -1.0459395631727633 1.9317780628599643
-0.8148015138362279 -1.1132332935944667 -0.9153935750341737 0.4230905328641462 1.9172544231596194 -1.0117914390669756 -0.6783659973820652 0.6107150871363727
-0.9228173780907796 -0.00959208992507074 -0.960303482768064 0.33882534099082423 -0.04189294279657682 -1.9348693068014493 -2.5555939584546543 -0.02087149462633393
-1.2721439723108292 -0.1797419736672603 0.08151318835413873 -1.0448655848987976 -1.7379701691156408 -0.07115119948197923 -0.450495743349567 -1.7989896270549373
-0.018429527295735326 -1.483509334512961 -0.07477108584629853 -0.7392389317475491 -0.8105066598226534 0.8289257717344946 -0.0839470450776125 0.8496835107799694
-0.01973259888510049 -0.6844518592217371 -1.138323840542625 -0.311854342889413 0.5248025955871699 -0.8311061540904406 -0.3914636455972967 -2.1761586703416835
0.08982777185446236 0.947342499471284 0.12932021508695893 -3.6571699126597856 0.045342153631991455 -1.0782882546114045 -0.45629602699493355 1.7592579438512361
-0.5795233821650553 -0.36823014338282656 -3.1406700120177593 1.1016019266592632 -1.6116567104022872 -0.20993707767874198 0.009927873995174225 -0.5467523885284898
1.0110982041690417 -0.5202121424628047 0.15887061765228916 -0.47800348827071004 -0.5115395340397664 0.9154793834059001 -0.036863999238384126 2.302785445644176
-0.1488553234232617 -0.19027179421779497 0.9342369755645039 -0.44575111851668936 1.4676103690513225 0.06433976087626084 -0.2668508476629079 0.3217249840714524
0.9247562990418947 -0.4636173042362641 0.0328783330169069 -0.07600122065149983 0.910123801382159 0.4749271203391636 0.410948105397999 0.20449851429879268
2.3817402077433556 1.0158678153363687 2.603269604303004 0.3102767699681697
-0.2178350147236806 -0.07555587584149329 0.9381247115186421 0.16863853426551512 -0.22584754014955555 0.18435087153205054 0.5063593807494777 0.07716840019125054 0.13212930424717534 -0.35042389609579566 0.1277400038401244 -0.6718975887221585 0.5799456452502485 0.05452752945993648 0.35835992703288494 0.5203850595603915 -0.17042667925156937 -0.37204890705739024 -1.4613053697949123 0.24114906140677764 0.15928686625131008 0.0666593571203629 -0.22709226735088356 -0.04184381677327306
1.143671498014418 -0.39578850733402526 -0.4197402593020815 -0.7653656009761555 0.6773337513862676 0.5214563181652327 -0.07494913856758967 -0.11805345632438372 0.5041126996341854 0.1799236949671854 -0.7748134096353337 0.5714689494037217 -0.0037260314444272865 0.47665598462715003 -0.031451531368215824 -0.36258061245978473 -1.3475746507619257 0.013760397778787181 -0.006968201911904502 1.4536516413080283 0.23902149153870733 -0.2393414312015365 -1.6252815366534248 -0.5362001703994705
-1.3584740857283242 -1.0374578638827878 -0.4164690810400419 -0.49262020467200485 0.14705044236211684 0.25730961172896516 0.4234692086618013 -0.09060781095644205 -0.3054859106795962 -0.2511789248072553 -0.27539644823555487 -0.02364248340723022 0.16691979309854033 -0.98489253556622 1.2647497752795431 -0.006614965996012127 -1.0344429685355188 -0.07150713392612626 0.19821791281733137 0.582792463966082 -0.04936314681955142 -0.8404271064809621 1.6603276158253997 -0.02200557341043991
0.047975706909055685 -0.027310638691932072 -0.43344722140884195 -0.20724481044497697 0.8660296119116778 0.4090354013284553 0.3811306383840844 0.13853560597529385 1.2647066423744717 1.0193363100850075 -0.21209301969705233 0.006783659169996348 0.6851087012481251 0.018472931184667453 0.11184918794649805 -0.33425633798968674 0.08061291360973646 0.5360817053558841 0.021185864415928478 1.1514812310383584 -0.278409128536261 -0.020805489148186057 0.8036410183287368 -1.1077785002773426
