12 32 4
0.560218525367397 0.5180226419921835 0.1985630975297083 -0.2028041107462611 -1.7357003876289507 0.2977252375621479 0.04253164590243998 0.2869217456449313 -0.08003628893835288 -0.6793372142222844 -0.7275041864878293 -0.5787931358758835 -0.0310534766746554 -2.2600653746297388 -0.038836814871613445 1.5470137393314494 -0.5527944857053251 -0.16184093889507645 0.2664881565176295 1.1690287985542496 0.9781306509913259 -0.5021411312187264 -0.08250987690639297 0.1869637466687156 0.12020486863220159 0.7612208852066562 0.37470468445329885 -1.069558122117976 -0.04352759000344536 -0.4603096646172722 1.2376717332326392 -0.052982140558486365
1.9968168376297004 2.8253391657913784 2.061500789272671 -1.5458445668312115 0.14456460423247536 -0.28539856588279183 -0.05346180566360974 -1.7858339538120207 -0.9175173936299159 -0.4358671622043746 -0.4222827845875173 -0.2792548407774317
-0.3090209595477811 -0.1892213829884094 0.4519670544478255 1.5970368765945522 1.052887274743389 -0.5650295656881692 0.8655459927984099 0.1483361571820534 0.46031273259969296 3.186017211931346 -0.8533666810598072 -2.2908288438620623
-0.39188011186402677 -0.09755316531871405 -0.051502821557784455 1.8058065650362627 -0.4126117386365768 -0.5822521977047277 0.23943799548686123 -0.21319796673379812 1.8506630403810562 -1.7792942978954764 -2.401897334401273 1.3974352266844519
0.9575441751052928 -2.027811826700936 -0.9490118647459564 0.9623222451360443 0.6726531754820633 -0.054422097567636274 0.31977688631831636 -0.7727910820998135 0.659214868061548 0.3342369250509751 -4.033540496803137 4.98545144808768
1.7031503907805157 -0.969636646123086 1.9253707057213922 -3.728435056281526 -2.153252373346971 1.5139029159846282 -0.3144897659980428 0.08315070148684178 -1.2546087490660933 -0.137431574509419 0.9509623475620337 2.167967415674478
0.44433639395745783 -1.1007643285433688 -0.9705839687222121 -2.3237904527810853 -0.5153913970337772 0.7307821266777683 0.8254994720314435 -1.594134671009236 2.210765982359251 1.8698784731694178 0.5082941112387849 -0.9687972457930809
-1.160185877715249 0.9699881037701454 -1.508449795844872 -0.33278452358217014 0.4645780473309761 -0.13223284582470302 -0.7991696117192739 0.43965048636246373 1.7252220809075065 0.2640472436598416 -0.7849740935614355 0.41126770140653063
-1.7280129977904715 -0.7500250623244182 -0.8365055609713254 0.9879221259240824 -2.1866746047460683 0.40407559082108463 -1.9720378820900906 1.5563662747344271 -0.0047288741057919595 1.3379783394593345 -0.043597587220501166 1.1381542705500405
-0.7370577342733207 -0.06663985790878452 -0.7068394661283579 2.465250770647374 0.018395918332569733 -0.14788547986668002 0.46885071811379586 -2.4060380671474033 1.4977093305443534 -1.4211016982173534 1.1906960293818551 0.7778665442106886
-0.6180540805981264 -0.634001568866092 0.9128880444803551 1.3701612080113772 -0.29752260291362825 -0.959786788671144 0.7172080153454778 -0.3997537495348862 0.8066340096337237 1.066488754783429 -0.7531916718009761 -1.148111883500062
-0.19343834763788656 0.896131941571241 -0.59543071632576 -2.6771125831293583 -0.19339882310503242 0.2067987240199195 0.8487350267103436 1.9917565930901404 1.9659105862105752 -0.6185522661743144 0.06808276862101659 -2.1165945621001168
1.6034737890308155 0.3782580852863504 -0.1748798850125678 -1.0348598755708012 1.5561415015508355 0.7739035889237313 -0.006105120645658255 -1.1520676052911827 0.4797853551027027 -0.4682717825912173 -0.3488391516074982 -0.7554772865675292
-1.52420363983759 0.5987713479790346 0.07779665001379368 0.004347689584181413 -0.6981303402128642 -0.5071001104942131 -1.1728382822017336 1.2130246983982516 0.00862045369783504 -4.0453832572498785 -0.567049853854386 -0.8816821738370182
-2.721334689048418 0.7097398841283694 -0.9160590774670478 -0.5676538076570152 -3.2029822211176486 -0.5060440102457506 -1.171001924636111 -1.7014866790404548 3.844213925936419 -0.1779022535296807 -0.2960812209852681 -0.3685990426828827
-2.78920787223225 -0.3641094697880363 3.141059802713073 -0.5247934916642073 -3.1267032062287425 2.745843083154603 0.04180559722998284 0.10901345476025445 -0.45928289121997806 2.73790444926531 0.2654631553078975 -0.007773670728320678
0.29579135023421255 0.5282386292500643 1.3536313824303698 -0.04328551568518968 3.4106085986785444 0.825565187445807 -0.07175260690464208 0.2906010466410968 1.9127102086164989 -1.898885191194515 -0.05246719830017049 1.3016420016200705
-1.515471705886827 0.22821240333938222 -0.08116315399756903 0.5783390234168154 -0.09798141733196952 2.7035593773981232 -0.223771358304434 -0.8293313993911371 -0.0663121550634735 -0.6150884956622058 2.8820900589713236 0.5846121082874688
0.07965880344184946 1.3960570123285398 -1.0990394696724741 0.9124229021431017 -1.3381414265174276 2.399011018449257 -1.4452481927249785 -2.2843300928798387 1.3873878508223938 1.2690820304041284 -1.346913098452568 -3.103267410336889
1.1227506687630926 0.3610878102884223 2.580819803316279 1.2846625119060007 0.7921352692810743 0.2568010800758954 -0.49598601995340674 0.4564055978181637 -1.4237637709906272 2.141953995985184 1.704445623107905 0.1733798740070241
0.6927989987469998 0.36653021053587875 0.48882963418216663 -2.588363000079975 0.5741804987633023 -1.0033852525480058 2.3040680936560296 -0.53626125124561 -2.014882188345209 -0.4290216672447928 0.2520174894598295 0.5588577532292724
0.7074314074964837 1.0071080586991459 0.868763649032543 0.16575223621060742 -0.3758063870637035 -0.7993299449775189 0.2456878131996756 -1.4113686679923365 0.16708367150586562 0.07073773555854745 2.016065692493199 -0.9287479835129244
-2.5202356599006492 -0.12414655775788293 -1.13787783511822 -0.5421548638596122 0.608244890295164 -1.449204995921866 -1.1369988503000779 -0.33098894466680356 -2.052031134061478 -1.4558118371859803 0.5276410893323996 -2.2282999589374244
1.4422200676021601 0.17771802521247976 -1.0863673819466269 -0.1281787130063593 -1.4989555044103788 1.7109193852987414 2.136166799418674 -2.7370440166138272 0.38500484264731955 -1.5441445606191921 -0.06328181505224964 -0.1575534989607028
1.6036156985626464 1.3910499294499106 -2.2562837686191015 0.1695874854192268 -2.6173680839383033 -0.12254477489940535 -0.7705379657923206 -1.0670950964894605 0.4017773535206891 1.4390881772114557 -1.0507756557591459 1.3394422603898222
0.3298093713725296 -0.10415157875203626 -0.21614382680063635 -0.9194629375405539 0.45714476008804494 -0.9654176826730806 1.6489805350126536 1.258306306642017 0.11744472847384838 0.32412863917470586 0.9243927601700015 0.9220633378419134
0.12829786070818705 -1.6753831025094477 2.548769920100581 -1.072959578152153 -0.7773569246908696 0.12795282778949155 -1.7945420047053893 -1.1947657470523512 0.021053808754616724 -0.14247747446712933 0.6109649643470632 -2.15662947701826
-1.6803769144196088 0.48400176593086996 0.9106313484993351 0.23751548715958537 -1.5307465166519174 -2.8033164314947427 -1.4722981688674386 -0.32757329317320505 -1.3174660766198636 -1.2298476861191743 -0.5671979239792363 0.33853743901483874
-0.4963820772250709 0.2796338877625239 -0.7895808038704231 -2.6018420987972384 1.355838012394433 0.15811144934730476 -1.3773993515273324 -0.40547100399502 -0.35200987941274997 -0.17471416295313164 1.4708584509445581 0.2312332258179684
-0.2545096810373426 -1.0501263028810777 0.19711198539106928 1.5541618381888678 -0.06001917105230117 -0.6531782423798517 -0.8441296417884369 -0.34924386098933413 -0.0836872593244384 0.5228324247448405 1.3844881964169824 1.0495883604875873
1.4918856120739366 -0.8745644997427537 -1.2820833458399805 0.5079955373114099 1.591226289027042 -0.5190449489030489 -1.878540785631618 -0.9909366929504984 1.207094770081027 -1.7244634736679125 0.11673935357406906 -0.09588165203229813
-1.0980685312414549 0.18183580209099898 1.7409385837714284 -0.6552431383029722 0.6900774057030896 -0.895408653334084 -0.07661862759171667 2.732692464831267 -0.4053751588744714 0.7498991551477567 0.5541013439413771 -0.006757737874594771
1.3759492169131256 0.19361480704045375 1.8643978145692741 0.9887119578769197 -0.025034428223435247 3.0578763929120414 0.0941565573787505 -0.1650419927264567 0.9635864793125721 -1.1754909699792497 0.20605064685123928 -0.3852668914473564
2.4014574498900423 2.0718106191645873 2.0288670262491193 -0.41886164978258095
-0.38960148029066105 0.3415441401638118 -0.6858618059624673 -1.7399056607564503 -0.778964825864105 -0.9604384912040906 0.2854156658094955 0.03136090912447411 0.18397722865628885 0.1934553129951363 -0.31817910131619165 -0.12303092945573701 0.3593448332740095 0.36748904149563727 0.5124167568021499 -0.7054487207604809 0.4194456692180166 1.0527684416612186 0.571988221795083 -0.2628490379651558 -0.5612104219715792 -0.004421720871902141 -0.20573566226526435 -2.608339701130438 -0.2236838492625591 -0.6766897478772661 0.7624582677752509 -1.5079159135022828 1.3807730076641993 -0.28755657706664556 0.616547164275448 0.8128382801494483
0.5312154477895665 -0.07079505028321488 0.07855896691457417 1.9245315896323472 1.6423672806298448 -0.49399030126644927 -0.23495411052634527 -0.12255954393585973 -0.7305162482476972 -0.37938019538758333 -1.5423814142956904 -0.19620265572521528 0.15803411478069046 0.4843919072596172 -0.6789540153982095 -1.164046949428323 0.5779134599378007 -0.45375674349653006 1.3431641544055788 0.15618062213569883 -0.09204417922147769 0.38639525355797427 -0.09255271253614344 -0.3397909425065395 -1.0783164132363863 0.802669422289079 0.32028707743302925 -0.7508662579352956 1.1998286611280926 0.25849840351053693 0.49026598550245687 -0.10092912230469103
0.4571636302105492 -0.09438108230253518 1.0702422171128207 -0.36919499912247195 0.6587972750475702 0.13628851825821864 0.9135602536731734 0.1545333783241564 0.7052186489274818 -1.495754107998736 0.11515446853131908 0.5528958841572386 -2.249464708735095 0.03531298731857257 -0.6039153980726535 0.6784539961400827 -1.3781646405955204 0.6255300858099803 0.2259634057975327 -0.9238902694966128 -0.7687412469445194 1.7990433738408396 0.7561295586729858 3.0846556018363245 -0.14736620023453 -2.1593001884849814 0.28763761679825406 -1.8042723878891667 -0.27414046388026697 0.4633786184436572 0.33765110450224467 0.08508935668738901
1.2337060495474665 0.10525307273560436 -0.8642284148551913 -0.11395459664735891 -0.693634985439786 0.38984204323673227 -0.11339258334966895 0.6327482247479147 -1.5388538171569495 -0.2901992416072819 2.215383754438005 0.6332350321926394 -1.2043261094118718 0.9828644505212734 0.8561161871759757 0.7087457942821314 -0.4379684109547604 0.29064591217052094 -0.7412771835125378 0.8855431321274785 2.330356688106651 -0.42911015493595955 -0.04174928948652577 -0.4243642255692219 0.7299165832236455 -0.005930521544799774 0.5328455330209614 0.3624658618313662 -0.2647723461561305 -0.015230763704276007 0.07591772520857251 -0.7872684017472085
