12 32 4
0.8274320630351549 0.6794639610988338 0.630532666432613 0.057992223381808955 -1.0028930490440475 1.301457702748431 0.43115366551594836 -0.5934233124853661 -0.20923307154801274 -1.0102873123957825 -0.7158674275944124 -0.3311530156048662 -0.4131783203654624 -2.099990914964078 -0.5747212763089624 1.1217979732904428 0.027076431992688332 0.09356126659923804 -0.46299463261907914 0.16130800336039752 0.9250942879137585 -1.049152121182916 0.6503660920243102 -0.10361442150917347 1.1183793541796399 0.8745034713503516 -1.0234680413345523 -1.4044405972260372 -0.24432162678095434 -0.2579076818146969 -0.563406293572578 0.8895823174131252
1.5332927555125802 0.6169167723326153 1.2162177465913384 -2.2692307280878348 0.45271262151615155 1.6798006142495863 0.07360881156343324 -2.624410440027641 -0.41480704069050073 -1.7512714108135365 -1.1168718638065116 -0.6992612615460818
-0.5026144570392794 -0.019509856434961198 -0.015243587418179605 0.6487299716492689 0.03743672032155721 0.9303134148641318 1.1928074555632708 0.19990676002140972 -0.5635836353116606 2.9257300935227644 -0.3701678753505353 -1.975309017881863
-0.7410118758344 1.580575891364759 1.2735738451066305 -0.22337101758966593 0.13073272897701094 -0.7159233437761655 3.065746841011918 0.254486609042823 1.941513684648425 -2.3730411243308978 -2.6892997524380515 0.9595545721898441
0.7570543679583512 -2.779071471593756 -0.16521746670228502 -0.5464583928038597 1.5999249907522413 -0.8920381415901532 -0.07961409689658042 -2.7695547653223733 0.5240453481862529 1.3199508270058522 -3.181616924411835 3.3814277507148187
0.5728532865153465 -0.8462440423263226 3.5394328231623784 -3.0481099460341463 -0.9987118437678104 1.600954523950611 0.5340968255411886 0.42729439439454686 -1.5450425395576723 0.04668721274575091 0.17552386821769272 2.7814620379668167
0.5069099611492422 -2.8664470489881113 -0.90728341918647 -1.4191002022501142 0.8745839989626034 -0.422564037894407 0.4487696496689933 -1.0776543219530095 2.5962344401896136 2.2217265230929644 -0.724543050536884 -1.2635398628718821
-1.1305414440236599 -0.778999460429936 -2.2138070364542157 0.009725575101988376 1.6587277572410137 -0.7959831088218964 -0.9437232709695258 3.242442099533742 1.5334664385500434 1.1782023145669744 -1.4187828057181573 0.2213536041404281
-1.1867492088357006 -1.506677389656593 -1.5662663391015856 0.9466821965996444 -2.6919062080678753 0.14028295453457 -1.6684662409723872 3.2967968797664016 -0.4994133687441662 1.8635405634553832 -0.41998231768839817 -0.4356741811681681
0.11519278883869177 -1.4227008292082228 -0.8170450394219668 2.8973173376278956 -0.33302834232818324 -1.0473815514468947 -0.7338871563309713 -3.0928117927076846 0.889645232082596 -1.0363633657538154 1.256063167806765 -0.053282657444417236
-0.9511203488385884 0.8117717705960076 0.08802850587747985 -1.9837015055242504 -1.2779005333960287 0.5256132361483078 -0.4040507578892743 1.3622787657237778 0.4330047488935031 0.4220717139815614 0.6844774598731939 -0.6509408378935024
0.16087331925884996 0.5236158894990861 -0.9229167816399972 -2.8989726280157564 0.024869786953115494 0.26827118417105017 -0.4634516060859374 1.3333593936642758 0.40836596375582224 2.131398257165775 -0.1351536371878257 -3.424550063090949
0.9816427122556033 1.5581613709048368 1.6849641019944048 1.0494320935997197 -0.16946916986949545 0.6806360252829731 0.4731149584674017 -2.156121974808581 -1.7822591989422563 -0.22251035451491333 -0.5683045752954988 -0.19802762344590072
-1.0636098273469379 0.5467395476482009 -1.7135214662219143 1.4275304931128625 -1.633536026431715 1.1756032174954076 -1.075678542080902 0.5348246577516657 -1.0367226961914304 -2.942690769540166 -0.37070486385579926 -0.9004844811640207
-1.171905370393724 -0.3844644850796638 -1.3919708438884835 2.2967247433557625 -3.789229619138187 -0.5695858893970329 -1.030671999560367 -2.637758392387 1.8374393355159166 1.1314452015285539 -1.7119330065181575 0.33492578779107074
-0.6622451380868521 -0.19432676834871732 1.3227065560991773 -0.4621636074544233 -3.3208040239719723 2.779856760558483 0.3621685041050013 -0.4300273978731147 1.1425208474942181 1.6601977081137034 2.066298334206264 0.5210100979625293
-0.02143457936566221 0.41359619067763703 0.9714958855124118 1.8616826884955266 1.162067092654579 1.3457021991785088 -1.7946934170162594 0.06505981813864765 2.391148606436416 -0.8073255974654623 -1.7918992799502347 0.040524525428389885
-0.44510832990100135 0.7711637774159318 0.6224783322514189 0.5404777894625679 -0.18483579130285635 2.937187086845385 0.6873664338471248 -2.9156319400609814 -0.9934557333378471 -1.2391367833961653 2.766226105566402 0.7390221134670855
0.4056778321909112 0.8160889347633475 -2.2727624734727176 2.376241960625346 -1.2178355584644431 2.3576212081309045 -1.1502689472093972 -2.351164391216565 1.6143230716023733 1.1573520026015096 -2.5919866037107475 -1.7035967882780685
1.0771273515586377 1.2434801555933845 1.4691607447622888 0.7104855582121393 1.4907613423550155 -0.2977128463646685 -0.7018322589487416 0.46393472724787554 1.054945277191399 -0.3876930084718756 1.2468244711089966 0.3275645143384939
-1.7886958546287672 -0.6006344903763586 1.9389029082292946 -0.19725406500691678 0.46337257090105055 0.1286068196142687 1.7822471615172462 -0.7577795955387449 0.4777308720230265 1.0770045038356593 -0.35553256313623754 -0.9366846767068577
0.7305902823332485 -0.16087643600845802 1.667786272977156 -2.6534720786695325 -0.2020657902858354 -0.2067711325600332 0.30411515724713867 -1.1059823040063166 0.6242719744385415 0.6777645805426606 0.4411812977608771 -2.4490008153140295
-2.0901666713384994 -0.4825788801641618 -1.8761104476095136 1.5609378969533918 -1.0129627895577555 -2.1453873326873203 -0.5907643400670343 -1.183610271480148 -2.215001134141568 -0.23186870167293566 -0.1311550071285346 -3.0823931168834218
0.8556616161933754 1.4233712804807233 -1.8643160922119133 -0.4487846875055966 0.3629410578450453 0.9154531839717601 1.511640934894511 -3.4924967043489996 -1.7979636803850974 -1.1071798227097656 0.4307243718410183 -0.1923061192118261
1.3800318543184664 -0.2420509613746107 -1.4226799640236036 -0.1507157131312454 -0.5710196021830957 0.8252757198775796 -0.722027763947583 -0.6276984141749462 -0.13661391001042378 1.3951501426078334 -0.8900108600526548 0.8016306343129775
-1.462561030656325 0.09468177333952829 0.5784005470447664 -0.9961367960288123 0.201008678637507 -4.45619622902606 0.7291346951984066 0.5274696604277966 -0.6140254265345635 2.1434276913386547 3.0914571574950935 0.43797572362252735
1.9028328218969 -0.8850205230100614 3.113191671191651 0.30617779348866614 -0.922671178064365 0.740484338184955 -1.6197782101598304 -1.2821542711371312 -0.7036258263440046 0.4192000500524815 2.105157324326226 -3.171401612040863
-1.3737443238546472 0.4406866717053721 0.6093448816094784 -0.17054414010875812 -1.5230594035251706 -0.5496012657567078 -0.9888566906122731 0.07496500901580136 -1.3412116781667676 -1.6208770793787224 -0.5989787017800514 -0.7174679071861697
-0.9378868495300631 -1.4337911789157989 -1.1927135989800655 -2.5874003429763563 1.8727479958604272 0.7898213051955996 -1.5352118848389744 0.15594160773240873 1.9168025138070577 -1.8350498666999542 0.8589677406075018 1.0838829046377212
-3.361421681309138 -2.081916822569993 0.37885558416540177 2.9798038024296143 -1.1171210109598004 0.47048310044292496 -1.3644826394508998 -0.9259288329685678 0.7770273060402225 -0.7091951898383131 0.3114598665219129 2.037516148244551
-1.1687630768301527 0.7802884068793634 -0.8184169574859911 0.4755790421713809 1.3801961031336973 -1.9724768199082443 -2.3362613520960545 -1.2504039603742996 1.1240579743132035 -2.722282019277656 -0.9850605056885574 1.5789865958036304
-2.4588248990143438 -1.3836148946773779 -0.1552258904335243 2.4887682001327995 -0.10766842456939396 -0.7226461407087532 -0.2053800089293501 2.3654005165898053 -0.7376295650675242 0.6374200268069629 1.526941778832276 -1.4025753284323117
0.16526353436202457 0.6597085155687611 0.5747148391320192 2.0425585090804836 1.9678848450131783 0.6656060161593045 -0.24442231325210828 0.9006733755051599 2.94248655337317 -0.5608033741962956 1.0628706349853398 0.7643824499810287
3.4370329867989584 1.0205229889506846 1.1907619100869082 1.0990903753246044
-0.1163095321365396 0.30047218314432844 -0.20691197667936378 -2.255753967882155 -0.9214852810787559 -0.8113753589050383 -0.29189198932929616 0.36452960866043055 0.19482443992854548 0.17396874955664893 -0.7744477900018616 -0.21738442435012356 0.1763614620842897 0.14990394586294817 0.8203741951465036 0.2884399930510993 0.5182618321891581 0.713452728101457 0.2639421746700254 -0.35832877003512364 -0.8641109343579427 -0.137100199934673 -0.93467824451628 -2.4564428239081004 -0.1954577488761073 -1.140209147390406 0.21446672964298907 -0.19528092979573175 1.0064083639516128 0.9173632093748144 0.6628899151788408 0.9462734060453886
0.21221369320353453 -0.3116599851801522 -0.01867268023618005 1.9158641887631906 1.838538859327758 -1.0238396378660028 0.0544491387360414 -0.420240083400499 -0.1998724639410459 0.11464152605456147 -2.771745567727552 0.8412325774622971 0.3204991841533773 1.808916345618877 -0.4680288437616621 -1.363309892413425 0.6272020279030484 -0.651173485963747 0.5538056003738239 0.1745711691574094 -0.07841462974568306 0.12565555235912185 -0.05842377831544619 -0.308149703236825 -0.11996648412117966 0.3337620315004906 0.6967607609408907 -0.6116343040302208 0.3656149237170719 0.008994839588975505 0.8136529118868688 0.1578491783705466
0.579371992427751 -0.18963811679212558 -0.684237538544845 0.3041873673069499 -0.7023147299635311 0.32371465546826783 0.6849517180866378 0.5855712505157993 0.6711643820333604 -2.219440560346815 -0.6182645980356178 -0.08470834706978496 -2.019242656724844 -0.7333590486922312 -0.9556374835650423 0.44904499583474344 -0.27239670979281727 0.3329979570947095 0.8001415629882006 -1.0935855995762456 -0.8990162112399028 1.9520049794870664 1.1435128876732357 3.5386278884859186 0.2616285131799373 -2.0384962742241095 0.46033308187258715 -1.0221301949873571 0.280826286338082 0.10085819250139463 -0.38815339444331615 1.7295174587376008
2.2210735915235067 0.5750923865468371 -1.325439693169085 0.09967224826030784 -0.6056729702844786 0.6125869766961072 -0.40439053911850786 0.30207824906985625 -1.0134826199723657 0.12090663826702573 2.9027687755322003 0.22382458891783877 -1.3888718921632521 1.2169213185735037 1.4397672879478627 0.554897123549319 -0.24409264337631187 0.46394317804818663 -0.8197807109638251 1.0743413894398373 2.823291595816076 -1.4734260451517915 0.2182266335519824 -0.42083727922445535 0.9964780376460362 -0.023800938568359395 1.2574079529298818 0.15679240814418094 0.16350950600610512 0.738831069345502 -0.7720257956591976 -0.6499948814678043
